6.915989640777279
6.760855658838329
6.838957331776687
7.102125138612508
7.333811829024326
7.594060238293579
7.549527531649937
7.727747348366886
7.870013623726243
8.21912338360414
8.339250468897848
8.351536781220195
8.430889409323578
8.349213674769588
8.446561957937893
8.279979725373755
8.292876159593186
8.355521434393825
8.355967847748913
7.770697913755957
7.445198037073069
6.862717958655138
6.795099505668103
6.588972868395032
6.653285481722658
6.797457013463591
7.118179770770741
7.140556244846374
7.267465945740264
7.597902012802103
7.7139462503856056
8.023988088757768
8.04692887400256
8.167131465256498
8.337583649290556
8.30468057632394
8.693400629064364
8.64600326264274
8.632047563938121
8.701022185763136
8.620531088480003
8.149408885208533
7.553687613164504
7.303807065309142
7.069655454107125
6.877991624602845
6.818380288055693
6.995289037196978
6.724237845415544
6.929452994057596
7.10208347339278
7.251373377788547
7.548013184621186
7.631070690772184
7.927006539788047
8.022399378738791
8.192097279251398
8.48703761021805
8.657403801958548
8.788566950243661
8.60010694370178
8.617980530635618
8.038409114898446
8.133846873938834
7.749157733537519
7.673363755665993
7.597037227363589
7.466192795667349
7.185760941556217
7.053665947703844
7.098478756249839
7.171680593817658
7.30376818031772
7.353923179890291
7.48428732017458
7.554849507470711
7.631902361111742
7.996127136752136
7.941802165848862
8.008353773743796
8.086588249606521
8.127619864002652
7.980100466603483
7.6093833575303735
7.652442352712849
7.528352528854075
7.662479902617313
7.591874951234103
7.90157350444111
8.128592238631308
8.126322723086588
7.91092096718744
7.672413793103448
7.747609216386593
7.401342470868749
7.393642897555278
7.317333903468919
7.575919540405414
7.599933674191198
7.60574228193663
7.407362251165115
7.318778732714566
7.156664275171251
7.124937587874741
7.171728340458991
7.438496090092136
7.599941918670855
7.705209711075564
7.607794486973887
7.861255909807249
8.086952406974632
8.142958240532817
8.159952558239452
8.277530072953422
8.178533863813051
7.9059345711543285
7.968008263772321
7.737815187268361
7.504396366378533
7.475555230235267
7.552587114626441
7.089560752994865
7.334963325183375
7.299283421775322
6.857351402347518
6.932061754032044
6.923641512122693
7.108684863523573
7.1874428527887835
7.481842072826489
7.744131351637247
7.822980605098985
8.114744881368088
8.194129687842679
8.278025385137099
8.270626420782632
8.423602998331734
8.281568788064954
8.083129651206066
8.07204988068663
8.069341633233403
7.410692462949613
7.3515811982880725
7.441390392810127
7.51719159606398
7.108897821311907
6.86719550032861
6.851844552453086
6.696790092694867
6.965787107225029
7.222205286101881
7.4719202538268314
7.570628376674486
7.912999710202401
7.937011670325882
8.168888386287332
8.397617345431332
8.361295707629578
8.35584915512541
8.406594744660643
8.450580105628452
8.292836106656585
8.00142339840952
7.751300597142411
7.646991665715264
7.737792355086902
7.3290393270377026
7.121687627222224
6.8886208478536295
6.783682648305213
6.711236821805092
6.772334293948126
7.299949350403671
7.235171602746374
7.356852481264048
7.661060465969266
7.8690076335877865
8.104200127207251
8.032736548008842
8.33824225128573
8.361786433541523
8.451131672337356
8.464934091239453
8.645736849802564
8.183884511556766
8.37539348023262
8.29750926799959
8.245953312725558
7.993493561970781
7.158361329423027
6.8324558866954
6.408634277961554
6.72161666430339
6.783143505894055
6.839839256454305
7.062350540227065
7.333393121248371
7.418907393411824
7.516191089344155
7.640863958480111
7.889063861666183
8.26250168403777
8.430217576494343
8.304061772665351
8.466859721768742
8.554320585568435
8.574391324072673
8.531221977974974
8.64026121827115
8.58589483038464
8.27063534134951
7.550979882994485
7.271361680451685
6.96200296359993
6.634514939968615
6.6502848412895625
6.896909925268709
6.661552074848282
6.889440020885002
7.242434650344075
7.38144355177371
7.6016260162601625
7.848945345328796
8.106335494253573
8.032241026936413
8.44170298604384
8.390415669445133
8.640866707019008
8.596043081533153
8.826007732719258
8.855663559121117
8.455408898337488
8.066300371344507
7.805164049739226
7.468194975248356
7.215675199454818
6.932660657704494
6.987864029374896
6.738281398927304
6.7643423197967625
6.9153895348389245
7.052276029166659
7.313520483653095
7.223387559926168
7.606508771310579
7.805352723483485
7.785895141856922
7.994255770964144
8.0825761911028
8.356336337901237
8.579143624729706
8.293701955823686
8.197984779140945
7.809879414825244
7.7591292413873205
7.761931008789944
7.84450698024925
7.691836769052054
7.671761434227436
7.641996032351594
7.54704858295879
7.523474986798908
7.469521288066844
7.4303685527785905
7.487879496741109
7.455537730562869
7.348795087647372
7.65350887266814
7.717042777904415
7.64780159540282
7.702853668731239
7.467450419419016
7.419577683494932
7.424460037193123
7.4408426493715485
7.39235750052906
7.679791981874444
7.6138182160817385
7.8129009396498
8.046976017956037
8.118254769331951
8.18636691710089
8.16041936188444
7.934822136372005
7.871501033251925
7.745920728122352
7.64737762104315
7.214564992868736
7.313422370719483
7.5350539063317745
7.535838053218937
7.454463597585637
6.966894444596907
7.0408870620964885
7.101546389392174
7.131402240310431
7.229504690316864
7.3175564653556195
7.602802556311694
7.775363750082296
7.881683571129762
8.05443515933644
8.239712362235807
8.197351735167413
8.229304725402605
8.34421386685274
8.304783289148137
8.203875233997033
7.580296908450683
7.637595672528567
7.392908251534023
7.427406780620591
7.350876495364409
7.480758860728468
7.282515432919006
6.942368554839871
6.860855679753318
6.8348013897160405
7.25201537964695
7.244477095990465
7.61587177386818
7.720029711232497
8.077472317619936
7.9785933469442645
8.114578008275044
8.363534987454697
8.180444903015344
8.480083156544627
8.302625870044793
8.284027298520053
8.154037780958044
7.906995159106864
7.855274150958354
7.883643073437864
7.828131336066084
7.285464205081831
7.161322384888592
6.792432258904695
6.649779688797122
6.6405403508129375
6.755761675425237
7.030827474310438
7.216708464236415
7.528759150638839
7.779435681963122
7.768957507229445
7.7907147399833665
8.28794948297458
8.229598255343626
8.224029843649097
8.369515251384788
8.246880133992924
8.52132311489647
8.2970122969393
8.250010585467061
8.207221426761471
7.729245177902837
7.62850578088621
7.2050125007622405
6.607416909086744
6.580176424247135
6.762368249521011
6.996165446581489
7.165783485905644
7.1812143551596614
7.342872258119757
7.439423926461814
7.553635348379596
7.929001650416258
7.966162350665865
8.278557062041306
8.28828939001125
8.5532317335969
8.257648953301128
8.444971865268935
8.47962780119644
8.56664967600746
8.311145038167938
8.206456099257037
7.844992273341202
7.210358163780057
7.018308096301568
6.655513851216761
6.562553036639048
6.689943129745882
6.837108556241714
6.772716760172706
7.13671879761571
7.26825550047962
7.45242761840623
7.762935031690923
7.965634733422325
8.111367025506475
8.070617714712835
8.2304790116233
8.383257411923497
8.455658079733249
8.591763796520928
8.607539502072528
8.846074102514878
8.524094870360406
8.051533978859503
7.860259997820304
7.156575998354602
7.196115086271729
6.716483232978445
6.816257604848596
6.844907343626105
7.0013016521674105
7.006392760976682
6.9514003332705965
7.2860696782685395
7.555433723196881
7.7140130549299535
8.07984282186733
8.14151987829522
8.192069988948951
8.323617918683505
8.466393789868611
8.318748273825783
8.469515332019473
8.430947437773401
7.787963793053587
7.702966957330331
7.864884574570932
7.606252430015552
7.655374603770533
7.449895035529941
7.273268278540311
7.156887864036212
7.2305913501013785
7.3716215495744715
7.434406328917266
7.442087147230388
7.447839562054679
7.768862216898688
7.784820612256168
7.733429666012981
7.926721833149224
7.898320541306327
7.61898073652488
7.77869993779241
7.559394589848038
7.5733281877642655
7.431957416892638
7.609009154739359
7.658737947447189
7.6593529057127725
7.957462076968295
8.025433923354528
7.849132288660425
8.017896761743213
7.832495236809567
7.739443104447509
7.634444784337719
7.403569548198058
7.67838889312686
7.538539104395521
7.410143763871886
7.549737916654601
7.329364099468635
6.911612780966703
6.965936694996665
7.023312554542422
7.069272084028376
7.173213253693654
7.334919107143952
7.665595228815411
7.729879831461448
7.810961451267937
8.09832264895504
8.002868707690002
8.260284035259549
8.169220880891675
8.275315948715836
8.094147726319289
7.640320820519082
7.5107348866924255
7.5596493889126375
7.510662851590578
7.377485469562557
7.275077440819917
7.204914894892771
6.734135893129234
6.802189690284976
6.855758831325118
7.132538410367184
7.144816236972024
7.138237511104044
7.646925762216557
7.754260327362504
7.777975438295158
8.152686940812245
8.083466937396734
8.291758665739673
8.338464312069437
8.450562578474516
8.29559326171875
8.339854395094132
7.768011465336425
7.628727079212641
7.50472381045864
7.5733201904694845
7.450429718257734
7.187147992027428
6.884615737751076
6.592219960830997
6.543532953478792
6.922804233697395
7.037190738322206
6.965299451967264
7.445931997292389
7.6051012679274095
7.684278671990621
7.989412231723149
8.179947146755433
8.420038180824879
8.477994536871506
8.5929896995695
8.415343032670215
8.36778140156321
8.227452996474735
8.160758644559953
8.066479126675766
7.604091204891765
7.64324439247369
7.291525715621271
7.005255814024572
6.676043633472714
6.412360233832351
6.710472304328122
6.974788374027499
7.0830262421519725
7.481444085201456
7.397049516451084
7.681717977255934
8.120564333255704
8.090969561637037
8.24571230266242
8.31548822833594
8.398833826369705
8.671149203872131
8.490117753095578
8.67669007364635
8.434279639724402
8.444260516718574
8.255317069296769
7.870772464014533
7.49270251391264
6.767457382575682
6.604618139161573
6.5224983542312485
6.8606496472897724
6.664360041702963
6.840806680707254
7.140687560403148
7.235815319577747
7.238971266843045
7.602806521196645
7.9130992690736175
8.01074816079371
8.393081142238728
8.285170264611166
8.376616554061771
8.613069001549825
8.613491640431487
8.497719406570745
8.543337107823586
8.612246209299016
8.07862461873838
7.7699371024810855
6.972578984863895
7.036259818377352
6.674836276735864
6.569470795188711
6.803230808283152
6.751284487450304
6.738905740583413
6.822986856286921
7.357717533418044
7.376066578766813
7.420422073987954
7.695042743426034
8.119554380999055
8.205910158275136
8.364592065891165
8.442893523593707
8.601253889663841
8.766373095055199
8.50964200353558
8.236106800075468
8.083548101704043
7.6625464237407055
7.56656570956883
7.413494493163716
7.277136727178838
7.062852174392244
6.739159925677643
6.962350616615217
6.957975460122699
7.254958480012756
7.4167843314828215
7.553262746495751
7.452060944988675
7.734814262229406
8.047284833001857
7.966100913270788
7.8693531309100475
8.239742943858055
8.01051052204
7.794975770474484
7.785099966491679
7.476485063128119
7.542078612531378
7.6968777223349205
7.613581015678466
7.86555311102306
7.670687973706642
8.030807794071963
7.816466452519697
7.836826623672325
7.590246179692286
7.499742374674892
7.350597024386548
7.501162876098612
7.456620290761294
7.513215801471684
7.551495191104547
7.444520224542258
7.345165319742414
7.1305166543847855
6.97578204607617
7.087654825929566
7.107566585398098
7.377712168042934
7.58983590666759
7.603198112105998
7.8293177488222785
8.089615306242829
8.285482943834253
7.977592135182676
8.215199427996625
8.097300082187411
8.178281253835392
7.690798749463617
7.528820050603318
7.429399432729067
7.185154371776911
7.38706083884346
7.263623298517982
7.17374647938814
7.019536260937135
6.908222668028702
6.691014469740576
6.727235653321763
7.0899392730619235
7.231013554800383
7.411931028797035
7.664311284237421
7.985350445852676
8.124995204885646
8.076840655135467
8.413998968135026
8.329646745827523
8.321098003838594
8.233418143734575
8.110036127610067
7.850696023880305
7.435910410274574
7.333435950737551
7.319254537046504
7.405002021885378
7.299391298385684
6.896862920853339
6.717532082344041
6.656715913680289
6.840192686651818
7.020550565408333
7.260829682219061
7.4973542959381785
7.885381353989307
7.9361043114884176
8.093585274126738
8.06315602260566
8.298751365885401
8.253084967139312
8.33725471023571
8.46296048550892
8.256002062849372
8.144029604660535
8.075573215417679
7.650220284640048
7.615003429487427
7.4909088679164295
7.214368846917322
6.878175430202262
6.906211057006012
6.345026235024717
6.745237281930545
6.865087351910434
7.019622282236111
7.368601644547382
7.272587466359093
7.555132212501772
7.966621803499327
8.090135202804207
8.225309021207579
8.250304659607952
8.386948282608195
8.350469502760555
8.537055127379407
8.245108957681566
8.341478304571565
8.043785158688905
7.966101434748639
7.802514786039135
7.432219663243947
7.176695446671119
6.687945908209278
6.611328894568255
6.543232069027503
6.936455177658127
6.977958635221902
7.177830513664548
7.142901075110094
7.370936521229635
7.54929309336326
7.793425500929195
8.0505588135793
8.297457658480024
8.19872149486754
8.401679936733645
8.519154151683582
8.668050804933179
8.583919894751325
8.43812906316083
8.31561317421017
8.176239466394406
7.736111004579168
7.184810922414174
6.8642922587109805
6.677526678354985
6.72244640393351
6.7215696517604036
6.835044328590753
6.872850124734957
6.8592864456508265
7.168836258097699
7.764377523434223
7.637604498039506
7.949753321855144
8.349001473652116
8.205186386731386
8.469183298501324
8.544309646890653
8.641747565353072
8.55430133698271
8.846536044884663
8.637964128959691
8.378665474816554
7.912324214693268
7.387656014180186
7.2543812737812035
7.050825707694893
6.931854098052778
6.772985240564405
6.790955192434896
6.629823258804528
6.89281614803182
7.101083472230147
7.253321246263261
7.409356246884928
7.8197913702306305
8.068005049849711
8.256342527182259
8.347490942727202
8.527091319693385
8.563237226512129
8.59965242287943
8.564324410501369
8.010334324014355
7.96256445155634
7.880232979200039
7.594963813112929
7.496308024907511
7.431058834425433
7.337436921879643
7.315812944993771
7.175234970520759
7.313749405914553
7.349320703362268
7.176459425626145
7.242580499406196
7.566423830985136
7.606905686033466
7.717519489072336
7.6906635725899415
7.87005328260833
8.072542094858031
7.75000076656783
7.60724645445709
7.508703659514064
7.3906582324059915
7.694964679702521
7.6393970213085804
7.869448798127797
8.118735472727774
8.014657262508265
7.839270363577021
7.837644962583647
7.937968518041395
7.540941201106135
7.4855526033023505
7.2791110591406625
7.132999814256789
7.302194202493852
7.4749355397816
7.241888403586261
7.307006588334934
7.051621402014134
6.87182784833383
6.8752825877091155
7.088301343879837
7.203006323308178
7.361980125138019
7.525849910841301
7.657221348748896
8.049863771536174
7.894405183834944
8.264004778589946
8.16305874703259
8.273990767115215
8.109531332280147
7.920577783576762
7.79450078590961
7.558097677318354
7.451228938012057
7.239930812947863
7.358445720594663
7.362505582986118
7.331965581651713
7.010918757719535
6.864995206414688
6.944291466265253
6.965384420299323
7.035385493933102
7.4459973027419055
7.435125606399529
7.682942950513253
7.915443533939914
8.187392161695835
8.202911450689673
8.305932282708262
8.217433140378477
8.331168521743674
8.344343315717362
8.200933644753402
8.078169473982527
7.58782338455947
7.72592385261657
7.5282066371803475
7.456328921216869
7.075393639255441
7.35827888866891
6.6760703008346995
6.680238198840371
6.832055911759648
7.039305158974265
7.219951189749847
7.466645860965905
7.6929208694852385
7.806049172996824
7.6701282985317905
7.941262295562868
8.054489415249783
8.27169022350467
8.515244174695995
8.281188983423478
8.313013796747128
8.132407658379124
8.042435153491319
7.955144102650996
7.544351304304884
7.581506626673999
7.490361948728023
7.024143627714416
6.935684158856143
6.573163940185665
6.814438913769225
6.850010368018222
7.062038354783281
7.225277521598722
7.459887347791295
7.652446778844533
7.71511814146468
7.982404278848068
8.085370119230982
8.23821286617222
8.406237531891605
8.25160651357763
8.226182869104044
8.21961350357398
8.250166333998669
8.405164798869336
8.090313182811363
8.068455165296532
7.462760003444162
7.175251576246955
6.811430155466747
6.603150776206049
6.692570221960323
6.7969344535748055
6.769440688233098
6.983339786016727
7.156414902970498
7.319657117062619
7.626517244829629
7.869955468216153
7.962854590815289
8.195896761173957
8.497030466640956
8.509248113249608
8.493939735364071
8.627355765093494
8.59646500216526
8.608830128525073
8.623139424204386
8.164291287947716
7.81497595603389
7.3156154981254256
6.708364560491245
6.925109425063123
6.742419689622175
6.662649102120444
6.700297801241836
6.668266435315508
6.773525811515658
7.076888174222021
7.478469068857434
7.499640977098199
7.848754511330802
8.103121709526603
8.152600829712545
8.026975319862103
8.33285993063243
8.50662208760772
8.310933009612526
8.66705257064674
8.507126320080609
8.175431747939427
7.927174208857372
7.536057822189359
7.209871179637174
7.129559917472118
7.1137611065987345
6.841164874027951
6.741046099154467
6.8955375688542775
6.791986300843911
7.150987099446243
7.260351064433373
7.499028702792268
7.740003587806976
8.105293624893376
7.906524840737
8.029585122132898
8.387186694232154
8.470626414977708
8.142980510354402
8.009174340020149
7.677291828698082
7.710517520000735
7.682234228141499
7.735581079412128
7.8130542609470135
7.8373452712950735
7.654315645674001
7.798668349254117
7.514404523105056
7.432149925204643
7.345308700712416
7.159645801224933
7.167288030712111
7.332984136254845
7.468052291989907
7.614999730994781
7.58909594948406
7.449574044003909
7.31793671098468
7.17388275723286
7.190916801962527
7.201184625117563
7.606751938258169
7.532326304521435
7.642346028231302
7.947312847310535
8.066955126377108
8.11432861630866
8.08356124167555
7.988140618382042
8.019786907857407
7.854297272143676
7.661672818359758
7.623690231793971
7.384005498907446
7.214657920501878
7.215177822886501
7.345386780979149
7.294507012144952
6.921740946454978
6.949321007979272
7.028940886699507
6.940764812645378
7.1105956747734345
7.402155943705227
7.610229548605762
7.6610621147609494
7.721757377211539
7.985471129973442
8.090575125013823
8.204178001970638
8.07992698289789
8.473716647276069
8.181122707623487
