8.293027189155975
8.159852005731745
8.120837996695386
8.117413588018627
8.232142478340055
7.842401500938085
7.181662030492346
6.410145724373276
6.370754170370123
6.418654821566001
6.660453623019023
6.787809449623913
7.2883426633358255
7.325923420109313
7.810183271011193
7.9078675011078
7.946843954676199
8.300182153801167
8.129525891515234
8.2256172783237
8.204985788060757
8.191501309802423
8.270886636862217
8.320111021865781
8.283380316717038
7.9845865956804225
7.833489748005333
6.943961940419645
6.5327729513685835
6.535016131804679
6.46972563500566
6.827603023652768
7.0215949549363055
7.207636073656092
7.606493333171565
7.564839529566096
7.968630805325666
8.088261059675093
8.079112239466033
8.129818539913177
8.344076529097952
8.35352064117421
8.270046804713253
8.402734655611157
8.636185772165236
8.173941027883028
7.992730706691302
7.416544820520249
6.460751387224321
6.464439521273856
6.721341026522721
6.719510868908518
6.590273539619067
6.879837005276042
7.058932343116727
7.552642985532462
7.591320823984696
7.729869326341425
8.093656052658362
8.344153770833778
8.45772351190431
8.409313162621421
8.556042655825737
8.471424150673212
8.584080896619415
8.483575462311627
8.303051746208665
7.926688882156922
7.113226019444002
6.549982885167044
6.336406403265005
6.0818099519973225
6.112434521566864
6.55001362271325
6.738338898405527
7.210543861972591
7.326952631659032
7.815223884236063
8.26215518437695
8.338074794393007
8.624523823006792
8.725273821436895
8.768714275510002
8.540136772360851
8.522958131635853
8.455955200721862
8.597421596415836
8.34580284594699
7.407970562744233
6.60339959263214
6.143543522533525
5.861512120502519
6.235473136799157
6.463071106440804
6.765090069564689
6.997016552831246
7.302780527337721
7.732566463880876
8.225749537622896
8.47339965168466
8.758990724556478
8.79533126150978
8.796761335402074
8.638443414152162
8.543406100546552
8.7883709895244
8.387147773845575
8.268059181897303
7.6934537836333945
6.477669513966133
5.879475536745392
5.905767804634405
6.092723903606606
6.623058799224052
6.672169904371128
7.156827719007164
7.554770724733379
8.071597433299562
8.2595095683795
8.538267134855351
8.820296882956972
8.78108540013403
8.888646493293217
8.656242746769136
8.721773610466311
8.661143724511257
8.610334834528917
8.249678464647815
7.422276278528164
6.061127602766537
5.719853348006639
5.77867132229042
6.01102355031203
6.385422982416951
6.853006934707643
7.130631814102106
7.826034238426153
8.178328545843694
8.341639822524767
8.835343802334895
8.813043121449478
8.903824151177856
8.688963281532455
8.724390436265022
8.813492364962395
8.710079496456812
8.386365776531662
7.7852104664391355
6.728026217262527
5.821966781168896
5.8018295606953485
5.875201546417603
6.237467403839425
6.830990521766775
6.996523768429497
7.499552206634628
7.89994317024917
8.145277334267359
8.598939606313609
8.749107590418179
9.045410026497407
8.540112188123846
8.558684646090937
8.638135851355468
8.804117846587703
8.546058585232828
8.049455719949245
7.2709691032769985
6.554289509679337
5.87865775478154
5.907974157541934
6.3013184441420735
6.539231129464857
7.039411206077872
7.295249211808323
7.951953501430317
8.07393187709939
8.260147595875086
8.875174524633556
8.917722874708888
8.640291386745123
8.665840059028913
8.680597666577729
8.507590426532804
8.411064406614816
8.33927233521554
7.900984313080955
6.791566951566952
6.071545683090637
5.802778513835787
6.233251882601943
6.3958632768687425
6.860490898542977
7.183804978874737
7.423809712490057
7.800067361516456
8.43235748427979
8.793503903494905
8.76845911298864
8.836218699607508
8.916169123918607
8.498693960556999
8.384939781923178
8.364267697845875
8.30439858687247
8.096381949758346
7.487660843591186
6.352808749486622
5.872240208368832
6.102543423845645
6.41587196259691
6.808481584038235
6.92935629586945
7.302308328468573
7.764478400588591
8.028763206506166
8.544915032201851
8.88947282881936
8.949686886753183
8.758859493327225
8.592021531373309
8.343451759391924
8.185659387691915
8.012581274332893
8.235892376463138
7.553777650494399
6.824085579823967
6.104860458589088
6.179376545452059
6.177464017283875
6.46042658205535
6.897081389849119
7.2544327238559765
7.710456187929543
8.102563167349023
8.394468413036487
8.546804290678718
8.876148394302078
8.68756544821372
8.515005640989774
8.328031536810702
8.354967886566502
8.188925349020824
8.037663151825576
7.693479608828328
7.015844989751313
6.464256562435635
6.2425865203385635
6.294002225513641
6.484044700738156
6.8060182092373145
7.295093061061865
7.589143712037159
8.319515437216504
8.309399736248208
8.580416710992234
8.79930751182621
8.772478736330498
8.442683907784303
8.445152251017388
8.11489442647898
8.231664691042825
8.091774261987029
7.280817667789842
6.721161889984225
6.192701697626121
5.842170291145861
6.184659855106163
6.584033945976222
6.801723862923427
7.144772935080768
7.630164454372871
8.035630082351975
8.343833208346869
8.408962083026044
8.770826688537538
8.513543928803887
8.678540010897258
8.454086857576332
8.2920304054259
8.19897427496166
8.17384958073271
7.9478159120438265
6.987758074058342
6.1635994486740735
5.9231791531734395
6.128917670847337
6.4574846672219275
6.769002078056031
7.05480374895732
7.357165219347171
7.712956144812456
8.110051003462413
8.349271882579027
8.571480580867417
8.68096928726017
8.371024219433908
8.477395032075643
8.199306260549543
8.539839994150586
8.264768812880318
8.324626412343578
7.837074304579896
6.883072920224483
6.105175502711672
6.073598796802795
6.1037029384373
6.445103568997375
6.596120036651021
6.922181183020687
7.520441580553006
7.984780495498296
8.053346778357561
8.433024036213938
8.540150394105034
8.44854907623082
8.565267751564292
8.323910057994828
8.328135502897664
8.170138645699792
8.446093838754877
8.222083138379647
7.798755713367189
6.855824984020028
6.270392338331593
6.184331769206675
6.16984470397026
6.3229813664596275
6.7588725322378185
7.233812966087358
7.594842182425563
7.913867994329982
8.017388098020604
8.274699568152863
8.524204503198684
8.533669165174643
8.587021868474173
8.089318992923179
8.476091710028921
8.35687238990418
8.421492437536559
8.309911309953803
8.012530307910136
6.874596178521703
6.214684109579457
6.3404895699715
6.498843139466473
6.700260494512533
6.843342997696982
7.292327010752492
7.793837955400597
7.707863940290169
8.076961146346477
8.28083136387662
8.608488954031456
8.540697400300228
8.136866835480067
8.156508859092451
8.208241727438434
8.325694035875053
8.270055696511157
7.998257784198952
7.614545509907359
6.908511934513998
6.329791439849647
6.344525622853114
6.6034596713540115
6.890156398219541
6.968911484361594
7.36514728012209
7.762582073529368
7.738701078395735
8.153595562767942
8.407434529413816
8.25953957550634
8.46205823178833
8.512083241116066
8.44017889006158
8.254813102588278
8.373160646965827
8.359261563990874
8.072497647165973
7.7245709757064045
6.670913627435366
6.446308622838212
6.437350903101216
6.767732607586324
7.03865206484275
7.224503956380582
7.540480778247311
7.670288798133022
7.8355900853144504
8.177029697564409
8.176371224918002
8.420022307709818
8.63552331656508
8.574102234179435
8.426972251561995
8.145048476663982
8.309316800271246
8.099905920912871
7.99093859578581
7.385514305316389
6.636514690000621
6.482767835317017
6.386188324778532
6.818388133408377
6.915189185414156
7.311036789297659
7.456062813564901
7.541714363690119
7.91089756131594
8.057455540355678
8.344696019180011
8.397438906039222
8.616415013171716
8.586968556664285
8.569853202921095
8.254416317610636
8.504754777593226
8.456660907825016
8.493790519747485
7.645045176510647
6.750030147010562
6.575618323731367
6.626877212482935
6.54696757407444
6.749550297705192
7.146463153394491
7.167342134640586
7.561797701837714
7.80633926307623
8.211187714831993
8.231795389513438
8.55044029748597
8.517423936385091
8.512578496669839
8.478040368434579
8.435833937619432
8.411568860896777
8.291103326700613
8.36097625936732
7.768472734606117
6.9806213416833645
6.498351658359186
6.516180043676936
6.399244898206937
6.639505628567736
6.837960792880038
7.219804349740783
7.464293948476501
7.749897660597056
8.156621713133497
8.529230098463103
8.863285526686905
8.744172046803007
8.548998917502797
8.685339067473334
8.668481107000876
8.541155148913123
8.325221376688894
8.19174187055332
7.7181375703028605
6.7552307398874385
6.3744227935653335
6.351405128392069
6.449158631121195
6.5272417689863875
6.987196618157965
7.408053571130574
7.856680730082649
8.137327446080691
8.585811843137375
8.799876182036684
8.71946867655549
8.786027893930973
8.636244502452024
8.477001930373428
8.410466560603739
8.547515246590418
8.24400393995365
8.004604816760313
7.203790462228171
6.18878559736146
6.073973429493838
6.199320384353291
6.4130606491439135
6.9026602452104955
6.906373668995861
7.736987682974434
7.902133359568333
8.480597019456871
8.619589783469829
9.046366331863727
8.904039797242115
8.908348776086141
8.552092964835527
8.824271841707496
8.610148890914616
8.597280957161221
8.23894985751531
7.168223548295666
6.113144486726547
5.816395915332345
5.854047776588351
6.142475660218925
6.590476190476191
7.023575787553902
7.393857429411381
8.01471269113823
8.44175427482871
8.535994397546345
8.702858818399626
9.083091866425654
8.886232196282382
8.834380084855304
8.92971541864398
8.807362593441932
8.514202476329206
8.531577661023073
7.601683878978769
6.32188720322146
5.715769818469828
5.634478365533739
6.123877925577462
6.529265906867764
6.72894157473065
7.256146817355827
7.655892246696435
8.232921679668252
8.342064007371782
9.022179024317017
9.014756378822824
9.101138760784409
9.05668911524667
8.947158967964906
8.599048763027943
8.579985238018015
8.492151659313663
7.9697532091310945
6.866016971224023
5.993329954814844
5.745737377959302
5.994702525250993
6.232259507694726
6.839843614011773
7.193692373247587
7.588456210652028
7.912724487656028
8.357784136500584
8.620157571796828
8.919266007862689
8.8689257459929
8.884221381396866
8.831293824394256
8.5273899000784
8.40757061308766
8.3937795652706
7.941477001793837
7.154251981243771
6.635751855496035
5.980930804504401
6.1352475870243595
6.3343029543945315
6.513190755119648
7.002403966317205
7.365894175740925
7.667253934517867
8.354779133488751
8.481838660891137
8.97143757537559
8.942584739026358
8.730046361426329
8.745328899952154
8.392493200087888
8.529446809922641
8.37495029400247
8.168962879367411
7.384509182950534
6.6206095528286655
6.350876084100462
6.102727411107075
6.362857673755308
6.428371625350601
6.743656862730255
7.247001081415577
7.944931467408188
8.190450208773804
8.377488663093825
8.71823026094511
8.70439824772938
8.57307241000795
8.31065725281052
8.33525478441319
8.232965558485004
8.375363145135555
7.9232103241739775
7.5856810228618885
6.811828258076039
6.546016385530466
6.372570549294772
6.376467620794289
6.819731104376545
6.906955883552149
7.580932267310303
7.9861390192673705
8.40559353767495
8.691119667853764
8.943381150166969
8.59879581539056
8.371335013354662
8.571748079282852
8.244523543355566
8.116317668189984
8.186689845432902
8.008183125403525
7.273966578051298
6.40334587887304
6.175317415112365
6.018385390969546
6.336905178974836
6.850968446462441
6.954279411476244
7.656492498706674
8.09003223204657
8.272738831136593
8.771537222822841
8.796771118645703
8.801765742417178
8.550913640613512
8.572449353425437
8.38709677419355
8.37955992086695
7.917325622476319
8.046942647052134
7.239464088866276
6.4248358201729765
6.143485514940088
5.904259751672311
6.343974627135071
6.336221721548063
6.938410601044042
7.236035806750199
7.648404069596079
8.182175226586102
8.580656056064507
8.760907925860067
8.703747608383456
8.723942643692011
8.579403444099535
8.398660620393612
8.324472469813823
8.28288669232669
8.29667815774334
7.876458260618616
7.011598563671502
6.0908157719944445
5.7818871946938595
6.034099019641868
6.277291336292877
6.592488392016669
6.941511200530863
7.41551245282335
7.831983720101689
8.128567264313237
8.58817994281785
8.890880938798794
8.755349904513169
8.744035755269675
8.396527323039225
8.236668563484791
8.461458164714852
8.352318160558832
8.122652919779119
7.849529022210798
6.873980797045048
6.178774631355334
5.915844538900784
6.002018345860131
6.137726130520705
6.624260466518446
7.085124962860292
7.371918532606475
7.773213314806984
7.971960824869896
8.479462797616799
8.475074424488497
8.828720465658868
8.775290423198863
8.416143383793385
8.366532661647643
8.485917948438074
8.372764358982876
8.283075806049055
7.812535386278503
6.955294089194157
6.0370371489067365
5.8677156821047305
6.13186204558833
6.6007284877447905
6.921486043808403
7.085700646708975
7.447372915813292
7.8244971474601686
8.112693341996499
8.456314719771306
8.314504649120149
8.619605376935775
8.523973723213222
8.374714944795251
8.393061558581987
8.346855414170331
8.09422888816433
8.364530418662879
7.891403262134748
7.133999815733073
6.41826203443031
6.1039025843337145
6.414076334727403
6.77430095716776
6.955772083277148
7.121529628373467
7.471361746676268
7.771817270168062
8.079835698169436
8.348391869603182
8.378558406426013
8.510007771558517
8.507068097589242
8.530880801329511
8.661640959013793
8.466468927281518
8.427252235875809
8.168662274766431
7.823301425646527
7.211491270856393
6.344178353522809
6.262547703883231
6.371682483755558
6.58164144843292
6.925244508638275
7.6104244948466055
7.615805875767753
7.713241771381693
8.130693242548158
8.207916845295847
8.658019776550661
8.711138087278975
8.52062797413513
8.556826148244747
8.415131563021955
8.523248184197326
8.41526644481235
8.234585045180655
7.869262562540788
7.307410743604962
6.634990974238848
6.419334835675071
6.465306860293453
6.88721732104084
7.0627598155036635
7.441373458740275
7.706181440271656
7.759691679891182
7.960607118092536
8.276742990111583
8.55683307921667
8.530648540294504
8.825942932306782
8.573947542428918
8.550075866806575
8.518639140687668
8.334124304510343
8.63482758568645
8.149393727612903
7.497962632956087
6.801865281213522
6.731431263362605
6.620273255980778
6.55809526687112
6.860647769484412
6.694550560949462
7.231927719926778
7.481697177640837
7.7673849929799585
8.216550400193483
8.419179083956086
8.505984989260805
8.674952957668692
8.58520046814107
8.365637341763502
8.482774341687135
8.359490064466282
8.240046371771184
8.594553644985368
7.908247601651483
6.949055177626606
6.5823131668847275
6.3476216934921625
6.459667690530413
6.614000491859424
7.070518166832315
7.236509691363517
7.572671504146735
8.036045603057902
8.49298035949251
8.720523366848917
8.754178691360229
8.893613613250585
8.824977571296092
8.745132596726695
8.47917637320137
8.43976876518799
8.316686481951997
8.464485510112278
8.151189615918389
6.7649576973081205
6.180339277815603
6.238406511159086
6.5253918872206444
6.500309279905858
7.007058596599094
7.511905479534631
8.011736727435355
8.283639724977682
8.465370990674025
8.71342801253488
8.925173640189461
8.917677516021792
9.010582337456471
8.476874099717962
8.713833208331886
8.44815718288088
8.470625390069856
7.844766128155246
7.001645090841224
5.993089299862328
5.681213030025541
6.032106764663218
6.546698348796029
6.816839274518246
7.385504388008815
7.79345662050295
8.163203845192456
8.585982328938254
8.544310015189414
8.775469397634557
9.03075267326076
8.955824079498885
8.64329337254015
8.623150586653392
8.760642816297032
8.485381468486342
8.018572306653972
7.038743149389642
5.996888264527726
5.61760826141032
5.9970488088547755
6.126820714682768
6.651307418366348
7.25625427472107
7.55051346749296
7.922744707197003
8.581320832459207
8.918523782780277
8.914592438489748
8.980500314511056
8.75630750964678
8.500557120237223
8.801987278407166
8.770406940733407
8.644088188407977
8.419341401022923
7.7946145970146095
6.459469771804914
6.110912106535344
6.102572594120215
6.205228058657145
6.522971695990639
6.974994281311325
7.424187198202242
7.67359045977098
8.18369392560934
8.674081647095313
8.979375609521172
9.016693231948777
8.873937006809465
8.632884352040302
8.527452047689197
8.351455518751006
8.50982364732468
8.47324735717955
8.279653746001266
6.950876823898898
6.219637729579397
5.832005860435592
6.352267009728453
6.388270538254314
6.969116670023659
7.46358958459693
7.753436103355103
8.003546312436137
8.376780216566003
8.781582719931503
8.941189243310243
8.91890065837381
8.63832316407984
8.425140945493053
8.182915777208391
8.414671642420918
8.430554424200736
7.9829088118916145
7.129982852265088
6.6535164709217804
6.287138923473681
6.235030425260277
6.407313027381782
6.695578034377863
7.264224050850474
7.505988541048726
7.895611977266127
8.63573752939832
8.796003921497867
8.685626672278508
9.009737216622701
8.657539850854473
8.413687818300307
8.191839026982915
8.187637623786204
8.257560864338892
8.153246074713316
7.09354478700715
6.711978329902838
6.36893227254673
6.288134678033826
6.262794855997143
6.8944243888893055
7.215313198464095
7.575267709584913
8.11625325958476
8.322071817586044
8.55593036971368
8.804298393824673
8.78866293641869
8.65081698660058
8.393942863340826
8.41981217157081
8.55669389241964
8.28125164597194
8.267651875970907
7.3418123577610945
6.828095628283608
6.59561632817213
6.518752348741074
6.357717407117993
6.945355759991916
7.096157918688636
7.640846652785475
7.7343052774465475
8.26378008830651
8.45066618653223
8.666845666577167
8.685278334673887
8.589039139487511
8.600193552743123
8.379276143001416
8.323032055974942
8.355590954822018
8.309932179109488
7.539562861699908
7.030072548735514
6.542364590413855
6.418904190725594
6.690717383090128
6.797677991119609
7.050703445619863
7.45216107112327
7.8642684515249845
8.400555826250159
8.452291848899389
8.519862223178588
8.494417421732674
8.554959007582056
8.457155557958412
8.367364983642329
8.10922303614213
8.2610243203551
8.273361294404229
7.428036969858151
6.637903469147869
6.500053420973827
6.4791067511394544
6.634494693573953
6.8386759628971685
7.17830277614996
7.6147539879788315
8.03384439977197
8.44604685860613
8.578120162777445
8.734798263216112
8.733379018490465
8.54773844545513
8.328359959050465
8.19434764845834
8.113695090439277
7.854660992771489
7.874735143751336
7.408600467233447
6.478422791255496
5.978768449976727
6.114745469584179
6.440144021178522
6.80870074438092
7.280422803100356
7.541852992067594
7.83769628007702
8.201464788732395
8.537681808750875
8.807670161464456
8.782083014565801
8.604757946166243
8.40612908496977
8.32277601196246
8.344611728130168
