4.994571599494827
5.380056542323592
5.566549971833977
5.858539498730498
6.184513537549989
6.528419855447814
7.221067058017345
7.383555003528748
7.99599578254019
8.083273595469006
8.116475286477776
8.212988262941986
8.220753089968381
8.441608364726685
8.938064329504968
9.092811366714166
8.110683211251185
6.9393638053296405
6.208858476114997
5.802085103553247
5.3967654795748645
5.131386904445351
5.197478867846729
5.087143054579458
5.213818866379228
5.667952347755855
5.814643706711391
6.163978435146875
6.3342738823862055
6.855012717924246
7.394676355008527
7.664639436283643
8.00330456755214
8.02296104370523
8.023700305810397
8.207258713670312
8.191681975358032
8.703345541335747
9.046631056960814
8.456953847196061
7.177737325796491
6.482237032658925
6.051155925750626
5.630235270555247
5.56489732148768
5.3101785165164195
5.185768326949897
5.539834214284663
5.417033285562523
5.763964508677645
6.028371929886613
6.558486258773969
6.660273259328663
7.266661265733287
7.384312823225803
7.950552107384996
8.122044795907591
7.969213630772261
7.89006048909078
8.103646101752982
8.421332545427685
8.977941903010443
9.057717395930096
7.818009221589368
6.773199891421086
6.195738775846203
6.019543111751601
5.554216159002705
5.373524786525771
5.536376460066868
5.36583776128888
5.321453873810446
5.66591172326283
5.884745582867021
6.30591142424287
6.464253329721964
6.901800117939269
7.270160760985482
7.444903113870341
7.906703051789957
7.89274155718867
8.073923663223566
8.205384728556716
8.305154954155663
8.551532647259746
9.071341750399911
8.604327099376604
7.085375694353931
6.344832664482163
5.800063427182072
5.588224906406724
5.691951675126307
5.335040796165527
5.568009372989952
5.53447841813998
5.647400942973204
5.877179610455094
6.08450753654214
6.37664829844545
6.581906053551155
7.12684802197365
7.320390659770827
7.604197468749218
7.868140005377364
8.207145851717861
7.974444857593426
8.241329089392888
8.485047090167127
8.757863755489238
8.727124919109047
7.97894588019063
6.990785061109904
6.417884071630538
5.8669660596513085
5.692031156381066
5.647582268249483
5.50624397346182
5.500260069998501
5.554113106580354
5.725420809612123
5.920632256506748
6.1630282841884005
6.431552618259969
6.9389975810780005
7.135656533891356
7.5615199345947905
7.787782879608447
7.895672809434489
7.919336544551976
8.03571033769174
8.283446495170699
8.567232664712508
8.72537795391164
8.526385940444612
7.434730088378531
6.597205889270427
6.210083490502295
5.812649790678777
5.512186436363155
5.509147191291463
5.424034533034573
5.595674007234626
5.421803328335168
5.769448392117326
5.9366508114692955
6.185184640065938
6.611141870957862
6.959066984629049
7.3721493963427545
7.649866625100361
8.061138905669894
7.718718060173166
8.021643140662798
8.17047722269363
8.179239831597815
8.897705648968115
8.618450693027324
8.045044191171243
7.001503706297616
6.227473760644267
6.097656083309177
5.622720548386624
5.675822989191357
5.698397890298458
5.503423491138855
5.5211471402774706
5.549863463069069
5.8896664834534995
6.008113775587645
6.460774291244517
6.661340140320679
7.054635696025414
7.543090804557242
7.710682772613599
8.006153493518115
8.085210103282305
7.911279800735381
8.188618363156351
8.301368496121665
8.730431210293881
8.576319980670094
7.814445186752643
6.753586468193921
6.279878761815273
5.9589596200433315
5.812398587171268
5.759618241782166
5.715798452804659
5.658188610202742
5.602190448998119
5.80714780018063
6.021999748474027
6.266259172314006
6.640306807624398
6.924646866891418
7.283270852858481
7.506247664424515
7.869600446601914
8.105153015036976
8.11477421886828
8.016282752409152
8.265781841045024
8.51743004717509
8.68655031971534
8.434190232492057
7.475338004077138
6.258907380852086
6.123533331572011
5.784630235110963
5.646340155523006
5.676772904231229
5.521699363868992
5.592452598080637
5.720600291258291
5.870191199338636
5.976135462796413
6.397710906744064
6.6193690084691825
6.981490305318331
7.384069264575591
7.759347476426956
8.070058313605093
8.058624154487479
8.00001169036889
8.144595408724918
8.405997463467784
8.566815239401372
8.825465749456491
8.189749486387619
7.01367914575793
6.459765974471552
5.952587257715365
5.839665530357716
5.7460656621840664
5.422958628297573
5.63038327607768
5.6657352340608655
5.676124178904402
5.822190711682468
6.156655493515033
6.354459924621822
6.553018088006802
7.274336465031491
7.40068431690404
7.886646131120731
7.987611724113568
7.947812089385113
8.0945430409896
8.327956371478827
8.548618863351233
8.657217582294802
8.483081902729209
7.857793715646219
6.921112950744905
6.282429202047311
6.024085754580602
5.6765033162359035
5.6112797920845985
5.5897893809325945
5.577607918291223
5.723610186565186
5.882249436936937
5.802174699174422
6.129255896176078
6.640187706407173
6.860582539070687
6.99063132400273
7.492908549593268
7.768795946460474
7.967749828214944
8.104753703217401
8.055246475638263
8.429697497355951
8.624116591599838
8.656090175114235
8.47022564602231
7.5679887101990415
6.651762894896095
5.967725133989551
6.02471875155923
5.81964563805718
5.784683268557734
5.601571835983607
5.668254075508171
5.63974943587815
5.750036301660196
6.046259619115957
6.3170178567496755
6.428170520630387
6.914544822416416
7.404659619078339
7.544824148597734
7.8378017991087985
7.735740034082543
7.9362100763215535
8.18637850583199
8.50566878101377
8.485757737679313
8.612153981832355
8.215543554825077
7.061838956679425
6.510583566397159
6.0379708806870225
5.8849377349039
5.718616427321056
5.461411847277223
5.650702762797206
5.8472516994248105
5.4821668337701475
5.62133857841351
6.2384043169594
6.3541219352408636
6.725703249201824
7.150043558478357
7.295135744447885
7.660077983698588
7.8212757348251944
8.150104932564318
7.976357232026163
8.119318954139462
8.33746199917329
8.765019228694635
8.737239019008502
7.90840965617713
6.864934604677182
6.228707390929734
6.216075370499405
5.784251171591384
5.76515454054742
5.5048042512291815
5.547801661074588
5.609607295379379
5.723302214900238
6.0151005602105085
5.909118263092926
6.5641299280815995
6.614491474528794
7.333215375639202
7.493381129776716
7.869587596362672
7.930608275926707
7.962548824048891
7.992382068561383
8.400801720480446
8.569690718923136
8.662383451248653
8.544762835092344
7.700241087051378
6.693151926905376
6.200474627265995
5.853540138728054
5.842080772465787
5.830574671526212
5.701170328219869
5.762660033050464
5.5858539398850855
5.8859407461927225
5.885909063563357
6.301680185315201
6.561875847097219
7.006287374746566
7.347718237912944
7.591088951734762
7.833302789282703
7.816777709151916
8.156963899595752
7.901259979122867
8.211913740709551
8.488784702533014
8.67083158568622
8.372734292240587
7.296395710563884
6.773021302586148
6.090631796760611
5.9036711045436885
5.812306485692379
5.538583829652433
5.714147481450095
5.585125486120375
5.810924190706812
5.840231273099865
5.867836296731591
6.192732601888665
6.53061045324921
6.9472856249798225
7.119949435835012
7.758575205623202
7.886536133187535
8.082352356536711
7.868003976840751
8.19440963106614
8.341384580251901
8.501858289670604
8.568244144950066
7.7676998311337755
7.056468184540235
6.22165487236092
5.909393796178606
5.673436015291804
5.621601965947813
5.51565498952427
5.711707919444121
5.640720388930266
5.747950295113621
5.912918252487105
6.148380966303633
6.382333589935691
6.685071919995888
6.993404327604588
7.661917838731328
7.796737340047011
7.897480896493729
7.963262246893628
7.984074898930664
8.03079373817709
8.504884537306433
8.473588235724904
8.560559133249962
7.934753042547404
6.780492879024731
6.387533254638031
6.102466748627546
5.7881602560639225
5.639601224714042
5.700364907834372
5.613007177383917
5.659703153717169
5.632325643647342
5.904295827248954
6.095072215147311
6.620107199810565
6.801808689573822
7.13212598793434
7.481429335078182
7.847054730472644
7.9462861130128735
8.026921153403348
8.038213885778275
8.344516375324746
8.499419752417941
8.289641283014554
8.610593032233867
7.3677377474845835
6.732205240652797
6.148899549566045
6.118903287775456
5.626917135808253
5.838413136466217
5.5341613995981875
5.6313245633698
5.709964131700438
5.58398709582814
5.983113951511243
6.327926921578858
6.625676940047384
6.693616127677446
7.424780746451839
7.6248502531915365
7.723018166713391
7.76716430189544
8.044261579885159
7.950780810798514
8.413669401014278
8.655209084539285
8.583834873210815
8.202888853673281
7.265565929911554
6.483156353793966
6.107163715658393
5.728286856097908
5.770062413801164
5.494919686488776
5.608192368069717
5.6210079522833745
5.472328307370841
5.948919082425628
6.191332251963155
6.291653373685459
6.757595270151613
7.060903364787974
7.317094591330848
7.3711194058207825
7.958322735684403
8.125727317229027
8.111715556492225
8.179883463226338
8.562895879767076
8.558102400178464
8.451954956402355
7.8538094673291186
6.891677543590615
6.276421052323737
6.1911436493239425
5.851371898693716
5.664432831952865
5.93801486632932
5.616788176297022
5.701148683057696
5.581540105758587
6.054142160684706
6.134335176161919
6.4669779461427765
6.799564040361425
7.24249705687884
7.61828105446833
7.8045662073737505
8.070683788826694
7.946776360219094
8.203363724805246
8.41740116428588
8.585931280825076
8.604296416909389
8.240309544130973
7.639597694258164
6.841717110499376
6.241135374630595
5.956593276983419
5.908624981695709
5.548411259800242
5.7753915302835575
5.86000014615289
5.517147892097059
5.836378310954582
5.925726156201028
6.316126398877081
6.823174482294016
6.982235000666426
7.439609268848005
7.51141791562024
7.829854816763225
8.202074952858682
8.003015957235725
8.11239400041623
8.180287781800386
8.545632698768198
8.438636756683874
8.221227021312991
7.167778715660216
6.594093082530159
6.281331732969207
5.805888486637845
5.908018160509524
5.633983760252034
5.635475394030606
5.647264013366652
5.8414362699156515
5.937707693594271
5.967158013084679
6.372581332700514
6.517314595406236
7.02578809930321
7.366706891595519
7.74220066347561
7.718127188368305
8.116648053862816
7.973735785285937
8.18582576338288
8.502470878926932
8.641067317805055
8.438152362470966
7.837877083336389
7.091994660172811
6.544776698574192
6.043265423867513
5.808612846502871
5.759706735017271
5.81068169665945
5.746286115335127
5.737389182546901
5.654515054570349
5.951437444595126
6.277605529535077
6.346721394147492
6.9114116270956885
7.237358423585776
7.5694082205590165
7.8790794126144466
7.918860903779381
8.118280435320234
8.047047965090808
8.327118775165312
8.508076991315235
8.602730593967783
8.500740984686317
7.56307923385889
6.721898112261846
6.222153760388472
5.94566446424366
5.6370473749058405
5.578919420823878
5.6085613215486365
5.775934897926613
5.748886353243345
5.725462825840242
6.161333110796828
6.086315987181143
6.524227839820569
7.0345482690683925
7.159280386134268
7.609809951896539
7.678309259861625
8.07169918075578
8.118979197563734
8.028255339565813
8.277880508862935
8.507313010943127
8.55701299959202
8.353195499140845
7.423500397400533
6.501781781195806
6.156240492405626
5.747822107997714
5.877458396369137
5.702225979313044
5.524915758753448
5.8158913993339425
5.539861758540972
5.9939778800096235
6.1266218238141
6.236433193768229
6.693635869233297
7.297522457787238
7.3291783941213495
7.475007495922949
7.861029890724907
7.941198024300518
7.943534230544177
8.214626539115052
8.482621188112173
8.534979015219442
8.512370719584842
8.209447453130553
7.210561949898444
6.181894690087052
6.006130734401141
5.766010071978224
5.630800521162373
5.548647717786611
5.713606096381076
5.729303624750919
5.884727970122136
5.982886034292116
6.1838348951439235
6.480199836003514
6.942204958113296
7.17589923174276
7.402011144446702
7.640158662468381
8.013896558877756
8.041041231236937
8.05560500947083
8.20640357234704
8.66326393865767
8.614111341089354
8.459153105130113
7.602079495872706
6.792481024563686
6.268161305261866
5.91926131074152
5.720699866351034
5.644169446463382
5.863526358247694
5.780722112870531
5.492457045228373
5.7538294862042125
6.278710946908378
6.350675963264106
6.498306038474615
7.069050352632441
7.458558291481504
7.570945210860572
7.936410472330895
7.893903277460942
7.855583513795492
7.999520969277773
8.3679678294869
8.461290025588902
8.541078352476408
8.10044197507062
7.201134119555102
6.372001559167334
5.9222098207763825
5.841188543992821
5.644285641216745
5.4869292956794
5.769430517986222
5.530790290198941
5.523481082684292
5.932987351493501
6.157474812183333
6.454875034971557
6.5892906551719115
7.093846883320568
7.522389107037913
7.770187850695291
7.626158041339476
7.8056446477499115
8.067455966081695
8.180120222956804
8.509746750355736
8.651144089586724
8.63700405153849
7.8553049795671255
6.897708053886978
6.367737032000304
6.144251011084808
5.943905870576407
5.816388214783211
5.732311141732743
5.825836852089836
5.723117368577796
5.915854209475509
6.200249959625264
6.177851478598428
6.45736689921658
6.959061859136234
6.950582796610662
7.503023537073217
7.732916047985876
7.9068886931069375
7.8585694532844625
8.148251842065738
8.243450902708489
8.566023733474967
8.507326154290574
8.458160591107099
7.584611407514945
6.835647245005765
6.2845923491919224
5.942245976891427
6.008951084031984
5.668327709731629
5.551164132872599
5.567333113140699
5.753650934475794
5.766699260080851
5.877780845894349
6.171161493706073
6.548507027808209
6.925586626211033
7.098852249954454
7.698975191850564
7.954940201478834
8.069740478499602
8.026930411304008
8.271036614465173
8.428148549174388
8.782558149724403
8.626710740136714
8.346727731509167
7.426085639911715
6.417389732992518
6.0337875771959375
5.7277220343540565
5.7986016313813895
5.7697467424145215
5.742638544071632
5.766513329559329
5.674823818923466
5.794385987405916
6.1014834083239595
6.448005419326205
6.711410376469523
6.998748632914313
7.223138897274104
7.519790077285999
7.940026665848874
7.976721499366418
8.13131327905827
7.951387218960091
8.412817083214083
8.482846325883264
8.535451641197254
8.200779414125787
7.288679049950643
6.631588761085667
6.063887148884468
5.78218121577202
5.628140849531243
5.5966202911083975
5.662154654643707
5.457751610364627
5.759065980597721
5.6992053656047235
6.117837248427604
6.3730796894982245
6.780707658989142
7.011593559911734
7.519041290768268
7.690040002276671
7.961811794206381
8.063377633261396
8.111757313616039
8.091045750110705
8.6070432915692
8.705747656863805
8.562239640870843
7.707961608881736
6.908287783487537
6.257973917080021
5.995731703761582
5.7406976744186045
5.698028495234548
5.533273343383346
5.705653157882457
6.056689928491427
5.828363366066399
5.790530446561179
6.3931543372300546
6.476853808156902
6.772555710062283
7.23488198279969
7.444565782327624
7.607734919444939
8.032447071919083
8.008349151630194
8.043762652654042
8.222196991531222
8.468518289444003
8.526227440735337
8.36563674918257
7.5703449108801975
6.621190603683096
6.246372827514586
5.749171865450562
5.684543425808064
5.6018626851094195
5.875219719516924
5.795413973754581
5.65886851709147
5.824038930008256
6.061576720470343
6.221048946969255
6.75361551463807
6.9123981932018355
7.280632123220333
7.597167744893281
7.745269286754003
8.046865689862141
8.078634993269743
8.285271616112592
8.29140678030292
8.507683021721899
8.487846273670995
8.276022982471492
7.114406502171999
6.464018006303372
5.980583656453165
5.65136277510567
5.8614455985537885
5.673967753129766
5.7167559084865704
5.698852734975825
5.757200516346092
5.813636051755274
6.114905701594699
6.394691254785037
6.692756786369418
7.196475195822455
7.234744252919609
7.740408301290554
7.937282708610695
8.084041277606913
8.096264158634947
8.30042875806296
8.624680726848135
8.704205142447176
8.561504626560582
7.980928508199164
6.874932281463131
6.2678500138193645
6.137760768116407
5.631497237263304
5.789053526890414
5.72597940936232
5.701037743817372
5.559447572592577
5.787361122834797
5.873526228149279
6.179269575467913
6.736568482848256
6.860683935538445
7.011727448166659
7.581474526596585
7.858848191929191
7.970849331720345
8.030180819456215
8.108852890797571
8.384298947754964
8.681834734651435
8.492911119949467
8.49724626278521
7.543785454916659
6.585971897295805
6.15873629123605
5.835892169597389
5.856143326310391
5.598444608897083
5.568630185543527
5.667615268170179
5.80479251899474
5.898334334170928
5.876936929086975
6.342807170966331
6.7947569145491675
6.8958498707536995
7.262142918368267
7.796310040733316
7.896486368275259
7.846643695206525
7.929951969316405
8.135213296012822
8.354076458193438
8.7858097140445
8.504722098607076
8.208300928312813
7.15702945773611
6.367111164299693
6.1702722538706185
5.876863095125607
5.548458809938806
5.828390002669979
5.619772754572913
5.563080593887988
5.631543508011093
5.803169849864489
6.096372716405234
6.401957182264057
6.734374024080076
7.272003324875826
7.456703689674339
7.7508726162456005
7.892995253421145
7.948591891412297
8.073752017565544
8.350021336370428
8.555626140118775
8.53517743233315
8.628909118459548
7.826620900187266
6.728713845222556
6.084526291811954
5.8018222571536695
5.755631962751008
5.789832368482881
5.655062496716076
5.668207935811702
5.848774560511448
5.422526898409048
5.939030076941012
6.331255213013441
6.558312738398836
6.931456918938432
7.106698299012624
7.475701355493891
7.805416216671923
8.199537438060156
8.24768622074006
8.196022748001816
8.29738637593255
8.461557506812326
8.596255633008923
8.49359208225951
7.452491206392596
6.583985592978325
6.31999112983701
6.024082407486633
5.688359641566961
5.656319699095808
5.7344635234345676
5.549196425458729
5.478896752530661
5.874580174508007
6.068148104845487
6.211319413904478
6.63239418395193
6.699777806822638
7.32127751728869
7.7137392246085055
7.787318506023746
8.067890580051259
8.186382091119683
8.167174247539126
8.319677260674295
8.587834034431213
8.560124044270973
8.207313539963573
7.092604426886655
6.273803531578503
6.199350939661696
5.982940563628981
5.808508605037053
5.522807496057417
5.673843260406448
5.644280802824754
5.872841080329199
5.89399872665905
5.935400272259389
6.270565799682403
6.79471990649774
7.073757150773877
7.355980132690425
7.757791681149345
8.101199715665937
8.026672392680762
8.27789806299654
8.2330971604328
8.639609545917114
8.540764188908845
8.57472342185193
8.03056826971729
6.898056877243899
6.424403699308449
6.050501203960981
5.808274131436171
5.821275610603079
5.705990950226244
5.723668164872304
5.615675485868672
5.976635168464872
5.785047539230702
6.167249856432615
6.558676887578217
6.831228556510458
